359,66
359,65
359,64
359,63
359,62
359,61
359,60
359,59
359,58
359,57
359,56
359,55
359,54
359,53
359,52
359,51
359,50
359,49
359,48
359,47
359,46
359,45
359,44
359,43
359,42
359,41
359,40
359,39
359,38
359,37
359,36
359,35
103,6
103,4
10,273
10,283
103,3
103,1
10,197
96,3
96,1
10,175
11,25
11,13
11,14
11,4
94,3
94,1
11,10
11,23
11,9
93,3
93,1
92,4
92,3
92,1
91,3
91,1
87,4
87,3
87,1
77,4
77,1
75,5
75,3
75,1
74,5
74,3
74,1
73,9
73,6
73,3
73,1
66,20
66,18
66,17
66,15
66,12
66,11
66,7
66,6
66,5
66,4
66,3
66,1
64,5
64,4
64,3
64,1
56,7
56,6
56,5
56,4
56,3
56,1
55,3
55,1
54,11
54,10
54,8
54,7
54,6
54,5
54,4
54,3
54,1
52,5
52,4
52,3
52,1
51,9
51,8
51,7
51,6
51,5
51,4
51,3
51,1
50,5
50,4
50,3
50,1
38,3
38,1
30,3
30,1
29,4
29,3
29,1
20,3
20,2
20,1
19,3
19,2
19,1
18,3
18,1
14,64
14,21
14,15
14,11
14,3
14,1
13,5
13,4
13,3
13,1
12,3
12,2
12,1
11,28
11,22
11,19
11,16
11,15
11,12
11,5
11,3
11,2
11,1
10,287
10,3
10,2
10,1
9,7
9,5
9,3
9,2
9,1
8,15
8,14
8,13
8,10
8,8
8,7
8,5
8,3
8,2
8,1
2,3
2,2
2,1
0,566
0,541
0,532
0,530
0,526
0,519
0,516
0,507
0,495
0,487
0,386
0,377
0,376
0,375
0,374
0,316
0,302
0,243
0,0
359,34
359,33
359,32
359,31
359,30
359,29
359,28
359,27
359,26
359,25
359,24
359,23
359,22
359,21
359,20
359,19
359,18
359,17
359,16
359,15
359,14
359,13
359,12
359,11
359,10
359,9
359,8
359,7
359,6
359,5
359,4
359,3
359,2
