54,3
182,3
199,3
94,3
93,3
118,3
72,3
71,3
69,3
60,9
60,7
60,3
0,268
0,267
0,266
0,265
0,264
0,263
0,261
0,259
0,256
0,255
0,254
0,250
0,248
0,247
319,34
319,33
319,32
319,31
319,30
319,29
319,28
319,27
319,26
319,25
319,24
319,23
319,22
319,21
319,20
319,19
319,18
319,17
319,16
319,15
319,14
319,13
319,12
319,11
319,10
319,9
319,8
319,7
319,6
319,5
319,4
319,3
111,5
111,4
269,4
87,3
87,4
121,6
281,5
281,4
269,3
111,1
269,1
52,4
148,3
198,4
0,539
50,4
121,1
103,10
103,4
214,21
143,21
143,20
143,17
143,16
151,3
147,4
60,0
64,4
304,3
193,4
193,3
111,3
110,4
50,5
300,3
300,4
202,4
168,3
203,4
56,3
194,3
55,3
194,4
58,3
59,3
57,3
59,4
57,4
14,64
14,26
14,19
0,557
0,12
0,464
0,524
245,3
110,3
14,1
14,12
64,3
14,16
14,15
0,547
64,5
64,1
14,18
0,475
52,5
197,13
197,17
52,3
14,4
0,469
0,474
0,395
0,470
14,22
0,272
0,271
0,465
0,450
0,543
0,472
0,8
50,1
50,3
195,3
0,262
0,390
0,260
0,258
0,257
0,253
0,252
0,251
0,249
0,388
0,244
0,242
0,482
0,384
0,349
0,377
0,350
246,5
239,3
60,8
61,3
258,4
253,4
258,3
112,3
251,3
85,3
149,3
150,96
150,95
150,94
150,93
150,92
150,91
150,89
103,19
150,86
144,17
150,83
150,81
150,80
150,79
150,77
214,25
150,76
144,14
150,74
150,71
150,68
144,13
150,36
150,32
144,12
214,16
150,28
150,25
144,11
150,24
150,22
150,21
144,10
150,17
150,16
150,14
214,14
144,9
150,11
150,10
144,8
150,8
214,13
214,11
150,6
214,23
214,8
257,3
257,4
63,3
125,3
143,28
144,18
144,4
54,7
62,3
62,6
62,5
62,4
51,9
51,8
113,12
256,3
102,3
112,4
250,3
100,3
101,3
205,3
99,16
99,11
99,10
99,4
101,6
205,4
99,15
99,14
99,13
99,12
99,9
99,8
99,7
99,6
99,5
99,3
253,3
53,4
154,3
153,3
155,3
84,5
71,4
228,3
319,35
319,2
319,0
51,4
51,7
51,5
251,5
113,11
113,4
51,3
51,6
242,3
242,4
145,4
283,3
283,2
283,1
283,0
143,10
143,8
143,7
143,6
0,376
0,246
0,527
104,9
104,8
104,10
104,7
104,6
104,5
104,2
0,511
0,454
164,520
0,344
0,347
0,305
165,41
0,284
164,32
164,369
164,336
164,478
150,103
144,1
144,19
143,26
197,6
0,510
0,508
164,372
164,51
164,104
164,477
164,227
165,53
165,54
165,31
0,498
0,245
0,241
0,240
0,239
0,237
0,235
0,230
0,228
0,226
0,225
0,224
0,223
0,473
0,222
0,217
0,213
0,212
0,211
0,210
0,507
0,209
0,208
0,206
0,53
0,51
0,346
0,227
0,529
0,56
0,54
0,194
145,1
164,69
164,448
164,45
164,29
164,512
0,375
0,490
143,1
164,101
164,225
165,48
214,1
14,10
0,60
88,12
88,11
88,10
88,9
88,4
88,8
88,7
88,6
88,2
88,3
164,50
164,92
164,361
164,337
164,476
164,99
164,472
164,323
144,2
0,301
103,21
103,0
103,17
0,373
164,440
164,439
164,438
0,518
197,16
197,10
197,9
197,8
197,7
164,67
165,57
165,27
152,3
0,461
0,560
0,278
0,314
0,10
0,471
0,9
0,4
0,462
0,11
0,7
95,4
0,345
103,15
103,13
103,12
103,5
103,11
103,16
103,9
